A,C,D,E,F,G,H,I,K,L,M,N,P,Q,R,S,T,V,W,Y,label,id
0.07276995305164319,0.01584507042253521,0.04225352112676056,0.05868544600938967,0.06044600938967136,0.06396713615023474,0.02699530516431925,0.045774647887323945,0.04929577464788732,0.13145539906103287,0.03051643192488263,0.027582159624413145,0.04342723004694836,0.03873239436619718,0.046948356807511735,0.0715962441314554,0.05516431924882629,0.07042253521126761,0.015258215962441314,0.03286384976525822,MFS,sp|A0A0G2K1Q8|ABCA3_RAT
0.07824933687002653,0.01790450928381963,0.046419098143236075,0.055039787798408485,0.0643236074270557,0.06697612732095491,0.02453580901856764,0.04907161803713528,0.045755968169761276,0.08289124668435013,0.03249336870026525,0.04111405835543767,0.04376657824933687,0.045755968169761276,0.04509283819628647,0.07559681697612732,0.05636604774535809,0.06763925729442971,0.014588859416445624,0.046419098143236075,ABC,sp|A0A2H1A768|CDR1_CANAR
0.06504702194357367,0.02586206896551724,0.041536050156739814,0.05172413793103448,0.03369905956112853,0.08150470219435736,0.023510971786833857,0.048589341692789965,0.02586206896551724,0.13166144200626959,0.0109717868338558,0.0219435736677116,0.08385579937304075,0.03683385579937304,0.061128526645768025,0.08150470219435736,0.05956112852664577,0.07210031347962383,0.01567398119122257,0.0274294670846395,MFS,sp|A2RRU4|SCAP_RAT
0.09800796812749003,0.01593625498007968,0.03745019920318725,0.05896414342629482,0.04223107569721116,0.0749003984063745,0.01752988047808765,0.06932270916334661,0.05737051792828685,0.09800796812749003,0.02948207171314741,0.04143426294820717,0.027091633466135457,0.050199203187251,0.04302788844621514,0.07091633466135458,0.06055776892430279,0.07250996015936255,0.007171314741035857,0.027888446215139442,ABC,sp|B5X0E4|ABCB5_MOUSE
0.08436213991769548,0.0411522633744856,0.03497942386831276,0.02263374485596708,0.059670781893004114,0.08641975308641975,0.01440329218106996,0.05555555555555555,0.03497942386831276,0.13168724279835392,0.02880658436213992,0.012345679012345678,0.043209876543209874,0.030864197530864196,0.03292181069958848,0.08436213991769548,0.06172839506172839,0.08024691358024691,0.01646090534979424,0.043209876543209874,MFS,sp|D4A734|MOT12_RAT
0.07748830995323981,0.014028056112224449,0.04208416833667335,0.05811623246492986,0.06012024048096192,0.06680026720106881,0.016700066800267203,0.050100200400801605,0.04074816299265197,0.09352037408149633,0.03406813627254509,0.03674014696058784,0.04542418169672679,0.04074816299265197,0.05744822979291917,0.08016032064128256,0.0674682698730795,0.06412825651302605,0.015364061456245824,0.038744154976619906,ABC,sp|E9RBG1|ABCC_ASPFU
0.07451763140385895,0.012641383898868928,0.03992015968063872,0.059214903526280775,0.056553559547571526,0.0658682634730539,0.014637391882900865,0.06187624750499002,0.04790419161676647,0.08782435129740519,0.03526280771789754,0.02927478376580173,0.047238855622089154,0.046573519627411845,0.05322687957418496,0.07917498336660013,0.06719893546240852,0.06520292747837658,0.015968063872255488,0.03992015968063872,ABC,sp|F2SG60|MDR3_TRIRC
0.07022677395757132,0.020482809070958303,0.043891733723482075,0.06583760058522312,0.05413313825896123,0.07168983174835405,0.01755669348939283,0.06730065837600585,0.056327724945135334,0.09875640087783467,0.03291880029261156,0.04535479151426482,0.0570592538405267,0.03291880029261156,0.04023408924652524,0.061448427212874905,0.05267008046817849,0.0592538405267008,0.018288222384784197,0.033650329188002925,MFS,sp|H2L0G5|PTC3_CAEEL
0.07640067911714771,0.001697792869269949,0.03225806451612903,0.06960950764006792,0.03904923599320883,0.07979626485568761,0.011884550084889643,0.07979626485568761,0.05432937181663837,0.12903225806451613,0.030560271646859084,0.027164685908319185,0.030560271646859084,0.044142614601018676,0.044142614601018676,0.07470288624787776,0.06960950764006792,0.07470288624787776,0.0050933786078098476,0.025466893039049237,ABC,sp|O06967|BMRA_BACSU
0.07018867924528302,0.012075471698113207,0.0430188679245283,0.057358490566037736,0.04981132075471698,0.05509433962264151,0.021132075471698115,0.07018867924528302,0.05660377358490566,0.12603773584905661,0.02188679245283019,0.03547169811320755,0.03547169811320755,0.0430188679245283,0.04905660377358491,0.07018867924528302,0.06113207547169811,0.07471698113207548,0.018113207547169812,0.02943396226415094,ABC,sp|O15439|MRP4_HUMAN
0.07515657620041753,0.013221990257480862,0.04036186499652053,0.06402226861517049,0.04384133611691023,0.061934585942936674,0.025748086290883786,0.06819763395963814,0.05775922059846903,0.116214335421016,0.029923451635351428,0.031315240083507306,0.03409881697981907,0.037578288100208766,0.05845511482254697,0.08211551844119694,0.05636743215031315,0.06889352818371608,0.011830201809324982,0.022964509394572025,ABC,sp|O15440|MRP5_HUMAN
0.10324483775811209,0.011799410029498525,0.032448377581120944,0.02359882005899705,0.05604719764011799,0.058997050147492625,0.011799410029498525,0.07669616519174041,0.04424778761061947,0.13274336283185842,0.014749262536873156,0.04424778761061947,0.017699115044247787,0.032448377581120944,0.029498525073746312,0.0855457227138643,0.07669616519174041,0.0855457227138643,0.017699115044247787,0.04424778761061947,MFS,sp|O16658|S35A3_CAEEL
0.07522697795071336,0.016861219195849545,0.04993514915693904,0.05512321660181582,0.0609597924773022,0.05901426718547341,0.020752269779507133,0.05317769130998703,0.05642023346303502,0.08365758754863813,0.026588845654993514,0.04409857328145266,0.03955901426718547,0.041504539559014265,0.04928664072632944,0.07392996108949416,0.0609597924773022,0.06874189364461739,0.01621271076523995,0.04798962386511025,ABC,sp|O74208|PDH1_CANGA
0.05922270203578038,0.01850709438618137,0.04380012338062924,0.06292412091301666,0.0647748303516348,0.055521283158544106,0.01974090067859346,0.06230721776681061,0.06415792720542875,0.13016656384947564,0.0283775447254781,0.03824799506477483,0.03948180135718692,0.03948180135718692,0.040715607649599014,0.07772979642196175,0.048735348550277606,0.06292412091301666,0.012338062924120914,0.030845157310302282,ABC,sp|O94911|ABCA8_HUMAN
0.11838790931989925,0.0025188916876574307,0.055415617128463476,0.042821158690176324,0.017632241813602016,0.08060453400503778,0.0025188916876574307,0.05037783375314862,0.05793450881612091,0.08564231738035265,0.010075566750629723,0.042821158690176324,0.04534005037783375,0.0906801007556675,0.042821158690176324,0.055415617128463476,0.08312342569269521,0.0906801007556675,0.0025188916876574307,0.022670025188916875,RND,sp|P0AE06|ACRA_ECOLI
0.037383177570093455,0.009345794392523364,0.0,0.028037383177570093,0.07476635514018691,0.07476635514018691,0.018691588785046728,0.18691588785046728,0.037383177570093455,0.11214953271028037,0.018691588785046728,0.028037383177570093,0.028037383177570093,0.018691588785046728,0.0,0.11214953271028037,0.08411214953271028,0.08411214953271028,0.009345794392523364,0.037383177570093455,SMR,sp|P14319|QACC_STAAU
0.08181818181818182,0.02727272727272727,0.00909090909090909,0.01818181818181818,0.045454545454545456,0.10909090909090909,0.00909090909090909,0.13636363636363635,0.00909090909090909,0.14545454545454545,0.03636363636363636,0.01818181818181818,0.045454545454545456,0.01818181818181818,0.02727272727272727,0.07272727272727272,0.06363636363636363,0.045454545454545456,0.03636363636363636,0.045454545454545456,SMR,sp|P23895|EMRE_ECOLI
0.10318225650916105,0.003857280617164899,0.04532304725168756,0.04532304725168756,0.048216007714561235,0.0781099324975892,0.010607521697203472,0.05400192864030858,0.033751205400192864,0.10607521697203472,0.03857280617164899,0.040501446480231434,0.041465766634522665,0.05303760848601736,0.04532304725168756,0.06460945033751206,0.06171648987463838,0.08678881388621022,0.010607521697203472,0.02892960462873674,RND,sp|P24177|ACRD_ECOLI
0.10009532888465204,0.0019065776930409914,0.044804575786463297,0.047664442326024785,0.05147759771210677,0.08484270734032412,0.010486177311725452,0.06863679694947569,0.04099142040038131,0.09723546234509056,0.04003813155386082,0.037178265014299335,0.042897998093422304,0.04575786463298379,0.03622497616777884,0.05910390848427073,0.06387035271687322,0.09246901811248809,0.008579599618684462,0.025738798856053385,RND,sp|P31224|ACRB_ECOLI
0.07941760423560557,0.018530774321641297,0.04367968232958306,0.05559232296492389,0.05956320317670417,0.062210456651224356,0.01654533421575116,0.05823957643944408,0.05757776307081403,0.08868299139642621,0.027796161482461945,0.04632693580410324,0.039046988749172735,0.037061548643282594,0.04500330906684315,0.08338848444738584,0.053606882859033755,0.06154864328259431,0.015221707478491065,0.050959629384513566,ABC,sp|P33302|PDR5_YEAST
0.065149136577708,0.03924646781789639,0.03453689167974882,0.05337519623233909,0.06279434850863422,0.05886970172684458,0.029042386185243328,0.065149136577708,0.04552590266875981,0.09419152276295134,0.036891679748822605,0.05337519623233909,0.041601255886970175,0.025902668759811617,0.03139717425431711,0.08084772370486656,0.061224489795918366,0.0706436420722135,0.0141287284144427,0.03610675039246468,MFS,sp|P34389|NPC1B_CAEEL
0.12472647702407003,0.006564551422319475,0.0262582056892779,0.02188183807439825,0.045951859956236324,0.09190371991247265,0.010940919037199124,0.08533916849015317,0.019693654266958426,0.13347921225382933,0.05032822757111598,0.02188183807439825,0.03938730853391685,0.037199124726477024,0.0525164113785558,0.04814004376367615,0.04814004376367615,0.08533916849015317,0.015317286652078774,0.0350109409190372,MFS,sp|P37340|MDTK_ECOLI
0.11089681774349083,0.0028929604628736743,0.03471552555448409,0.04339440694310511,0.04628736740597879,0.07328833172613308,0.0057859209257473485,0.06364513018322084,0.03567984570877531,0.10414657666345227,0.03857280617164899,0.04628736740597879,0.04628736740597879,0.05110896817743491,0.03085824493731919,0.07328833172613308,0.0626808100289296,0.09257473481195758,0.006750241080038573,0.03085824493731919,MFS,sp|P37637|MDTF_ECOLI
0.08906426155580609,0.030439684329199548,0.02818489289740699,0.06877113866967305,0.03494926719278467,0.06989853438556934,0.014656144306651634,0.06200676437429538,0.04509582863585118,0.1104847801578354,0.03494926719278467,0.04284103720405862,0.04509582863585118,0.038331454340473504,0.04735062006764374,0.07891770011273957,0.05186020293122886,0.0777903043968433,0.007891770011273957,0.02142051860202931,MFS,sp|P51639|HMDH_RAT
0.0965583173996176,0.0028680688336520078,0.03824091778202677,0.04780114722753346,0.05066921606118547,0.0869980879541109,0.008604206500956023,0.06309751434034416,0.03824091778202677,0.0994263862332696,0.03537284894837476,0.033460803059273424,0.04875717017208413,0.05353728489483748,0.036328871892925434,0.07648183556405354,0.04875717017208413,0.0994263862332696,0.010516252390057362,0.0248565965583174,RND,sp|P52002|MEXB_PSEAE
0.13315926892950392,0.0026109660574412533,0.04177545691906005,0.06005221932114883,0.015665796344647518,0.07049608355091384,0.0026109660574412533,0.04177545691906005,0.057441253263707574,0.09660574412532637,0.010443864229765013,0.04177545691906005,0.05221932114882506,0.08616187989556136,0.05221932114882506,0.05221932114882506,0.06005221932114883,0.09660574412532637,0.0026109660574412533,0.02349869451697128,RND,sp|P52477|MEXA_PSEAE
0.1834862385321101,0.0,0.01834862385321101,0.01834862385321101,0.07339449541284404,0.10091743119266056,0.009174311926605505,0.07339449541284404,0.045871559633027525,0.1743119266055046,0.027522935779816515,0.01834862385321101,0.0,0.027522935779816515,0.03669724770642202,0.045871559633027525,0.009174311926605505,0.08256880733944955,0.045871559633027525,0.009174311926605505,MFS,sp|P69210|MDTI_ECOLI
0.09090909090909091,0.0,0.008264462809917356,0.049586776859504134,0.049586776859504134,0.09917355371900827,0.008264462809917356,0.11570247933884298,0.05785123966942149,0.1652892561983471,0.04132231404958678,0.01652892561983471,0.008264462809917356,0.0,0.01652892561983471,0.08264462809917356,0.05785123966942149,0.0743801652892562,0.024793388429752067,0.03305785123966942,MFS,sp|P69212|MDTJ_ECOLI
0.1105121293800539,0.0,0.06199460916442048,0.05390835579514825,0.008086253369272238,0.05929919137466307,0.005390835579514825,0.0646900269541779,0.07277628032345014,0.10512129380053908,0.018867924528301886,0.03234501347708895,0.04043126684636118,0.08355795148247978,0.05390835579514825,0.02425876010781671,0.07816711590296496,0.09973045822102426,0.005390835579514825,0.0215633423180593,RND,sp|P75830|MACA_ECOLI
0.0941358024691358,0.004629629629629629,0.04938271604938271,0.05246913580246913,0.032407407407407406,0.08641975308641975,0.013888888888888888,0.05864197530864197,0.029320987654320986,0.11574074074074074,0.027777777777777776,0.035493827160493825,0.030864197530864196,0.05555555555555555,0.06327160493827161,0.05709876543209876,0.05709876543209876,0.10185185185185185,0.012345679012345678,0.021604938271604937,RND,sp|P75831|MACB_ECOLI
0.09853658536585366,0.003902439024390244,0.045853658536585365,0.0351219512195122,0.03902439024390244,0.0702439024390244,0.006829268292682927,0.07414634146341463,0.03024390243902439,0.1278048780487805,0.0351219512195122,0.037073170731707315,0.05170731707317073,0.05268292682926829,0.05365853658536585,0.07317073170731707,0.06146341463414634,0.07707317073170732,0.005853658536585366,0.02048780487804878,MFS,sp|P76399|MDTC_ECOLI
0.05929139551699204,0.035430224150397684,0.05278380332610268,0.04772234273318872,0.07158351409978309,0.05929139551699204,0.0274765003615329,0.0737527114967462,0.04338394793926247,0.07447577729573392,0.03759942154736081,0.04338394793926247,0.0455531453362256,0.033261026753434564,0.04193781634128706,0.08459869848156182,0.06652205350686913,0.05929139551699204,0.009399855386840203,0.033261026753434564,MFS,sp|Q19127|NPC1A_CAEEL
0.09228321400159109,0.010342084327764518,0.04295942720763723,0.06205250596658711,0.046937151949085126,0.07159904534606205,0.016706443914081145,0.08194112967382657,0.061256961018297536,0.09944311853619729,0.027048528241845664,0.04136833731105807,0.02545743834526651,0.04455051710421639,0.04375497215592681,0.07319013524264122,0.059665871121718374,0.06284805091487669,0.006364359586316627,0.030230708035003977,ABC,sp|Q2M3G0|ABCB5_HUMAN
0.08072048032021348,0.01467645096731154,0.046030687124749836,0.052701801200800535,0.06070713809206137,0.066711140760507,0.015343562374916611,0.06337558372248166,0.0400266844563042,0.09272848565710473,0.032021347565043365,0.030687124749833223,0.05203468979319546,0.04136090727151434,0.06070713809206137,0.0780520346897932,0.058038692461641096,0.058038692461641096,0.01801200800533689,0.03802535023348899,ABC,sp|Q4X006|ABCA2_ASPFU
0.07728181212524983,0.015323117921385743,0.04463690872751499,0.060626249167221855,0.06395736175882745,0.06528980679546968,0.017321785476349102,0.049966688874083946,0.05263157894736842,0.0832778147901399,0.028647568287808126,0.051299133910726186,0.04063957361758828,0.03664223850766156,0.047968021319120584,0.07461692205196535,0.05862758161225849,0.06395736175882745,0.015989340439706862,0.051299133910726186,ABC,sp|Q5ANA3|CDR1_CANAL
0.07538358905937291,0.01801200800533689,0.049366244162775186,0.05003335557038025,0.05670446964643095,0.06004002668445631,0.02134756504336224,0.059372915276851235,0.05470313542361575,0.0913942628418946,0.02268178785857238,0.047364909939959975,0.03602401601067378,0.03935957304869913,0.046030687124749836,0.0867244829886591,0.0533689126084056,0.06537691794529686,0.01667778519012675,0.05003335557038025,ABC,sp|Q6FK23|CDR1_CANGA
0.09391435011269722,0.030803906836964687,0.03681442524417731,0.04432757325319309,0.061607813673929375,0.05709992486851991,0.015777610818933134,0.04583020285499624,0.030803906836964687,0.1322314049586777,0.018782870022539443,0.04432757325319309,0.0608564988730278,0.037565740045078885,0.04357625845229151,0.08414725770097671,0.05108940646130729,0.06611570247933884,0.011269722013523666,0.03305785123966942,MFS,sp|Q6T3U3|NPCL1_RAT
0.06333739342265529,0.015834348355663823,0.044457978075517664,0.06029232643118149,0.061510353227771014,0.04689403166869671,0.020706455542021926,0.07247259439707673,0.07064555420219244,0.11693057247259439,0.028623629719853837,0.03288672350791717,0.03836784409257003,0.03654080389768575,0.030450669914738125,0.08587088915956151,0.048721071863580996,0.07490864799025579,0.013398294762484775,0.03714981729598051,MFS,sp|Q8CF82|ABCA5_RAT
0.05802469135802469,0.015432098765432098,0.043827160493827164,0.06419753086419754,0.05864197530864197,0.05740740740740741,0.018518518518518517,0.06975308641975309,0.06049382716049383,0.13333333333333333,0.027160493827160494,0.03148148148148148,0.04259259259259259,0.040740740740740744,0.04506172839506173,0.07962962962962963,0.05246913580246913,0.06049382716049383,0.013580246913580247,0.027160493827160494,ABC,sp|Q8K440|ABC8B_MOUSE
0.05308641975308642,0.019135802469135803,0.04814814814814815,0.06049382716049383,0.06666666666666667,0.05802469135802469,0.017901234567901235,0.06358024691358025,0.06111111111111111,0.12654320987654322,0.027777777777777776,0.033950617283950615,0.03641975308641975,0.037654320987654324,0.046296296296296294,0.07654320987654321,0.05555555555555555,0.06481481481481481,0.012345679012345678,0.033950617283950615,ABC,sp|Q8K442|ABC8A_MOUSE
0.06516443361753958,0.01705237515225335,0.04080389768574909,0.06272838002436054,0.06394640682095006,0.04628501827040195,0.020097442143727162,0.07673568818514007,0.0712545676004872,0.11388550548112059,0.029232643118148598,0.034713763702801465,0.03836784409257003,0.035931790499390985,0.02984165651644336,0.08465286236297198,0.047503045066991476,0.07247259439707673,0.013398294762484775,0.035931790499390985,ABC,sp|Q8K448|ABCA5_MOUSE
0.07394366197183098,0.015258215962441314,0.040492957746478875,0.05868544600938967,0.061619718309859156,0.062206572769953054,0.02699530516431925,0.04870892018779343,0.05046948356807512,0.13380281690140844,0.03169014084507042,0.02992957746478873,0.04284037558685446,0.040492957746478875,0.04460093896713615,0.0721830985915493,0.0539906103286385,0.06455399061032864,0.015258215962441314,0.03227699530516432,ABC,sp|Q8R420|ABCA3_MOUSE
0.055420219244823384,0.015834348355663823,0.04263093788063337,0.061510353227771014,0.06333739342265529,0.04628501827040195,0.0194884287454324,0.08587088915956151,0.07247259439707673,0.11449451887941535,0.031059683313032885,0.0341047503045067,0.037758830694275276,0.034713763702801465,0.02679658952496955,0.08891595615103533,0.05115712545676005,0.06577344701583435,0.013398294762484775,0.0389768574908648,ABC,sp|Q8WWZ7|ABCA5_HUMAN
0.08967391304347826,0.019021739130434784,0.024456521739130436,0.035326086956521736,0.07336956521739131,0.051630434782608696,0.016304347826086956,0.08695652173913043,0.03804347826086957,0.10869565217391304,0.02717391304347826,0.02717391304347826,0.03260869565217391,0.035326086956521736,0.03804347826086957,0.09782608695652174,0.057065217391304345,0.09510869565217392,0.016304347826086956,0.029891304347826088,MFS,sp|Q93890|SRF3_CAEEL
0.06439942112879884,0.020984081041968163,0.03400868306801737,0.056439942112879886,0.05065123010130246,0.0658465991316932,0.02243125904486252,0.07452966714905933,0.04703328509406657,0.1251808972503618,0.029667149059334298,0.03328509406657019,0.03690303907380608,0.041968162083936326,0.049927641099855286,0.08104196816208394,0.05426917510853835,0.07308248914616498,0.012301013024602027,0.02604920405209841,ABC,sp|Q96J66|MRP8_HUMAN
0.08450704225352113,0.01643192488262911,0.03990610328638498,0.05927230046948357,0.06103286384976526,0.06514084507042253,0.02464788732394366,0.04753521126760563,0.04460093896713615,0.13262910798122066,0.028169014084507043,0.025821596244131457,0.045774647887323945,0.03931924882629108,0.05516431924882629,0.06866197183098592,0.04929577464788732,0.06514084507042253,0.014671361502347418,0.03227699530516432,ABC,sp|Q99758|ABCA3_HUMAN
0.09664536741214058,0.00718849840255591,0.04472843450479233,0.051118210862619806,0.051916932907348244,0.08306709265175719,0.01597444089456869,0.06789137380191693,0.04472843450479233,0.09824281150159744,0.023961661341853034,0.02875399361022364,0.025559105431309903,0.038338658146964855,0.05511182108626198,0.0878594249201278,0.054313099041533544,0.08226837060702875,0.006389776357827476,0.035942492012779555,ABC,sp|Q9LJX0|AB19B_ARATH
0.07311977715877438,0.012534818941504178,0.04108635097493036,0.06337047353760446,0.04665738161559889,0.060584958217270196,0.02437325905292479,0.06615598885793872,0.056406685236768804,0.116991643454039,0.02924791086350975,0.032729805013927575,0.035515320334261836,0.03899721448467967,0.0584958217270195,0.0786908077994429,0.05362116991643454,0.07381615598885793,0.012534818941504178,0.025069637883008356,ABC,sp|Q9R1X5|MRP5_MOUSE
0.10964230171073094,0.01088646967340591,0.04432348367029549,0.053654743390357695,0.04354587869362364,0.07076205287713841,0.01866251944012442,0.0645412130637636,0.05132192846034215,0.09875583203732503,0.024883359253499222,0.03343701399688958,0.03110419906687403,0.038880248833592534,0.052099533437014,0.08786936236391912,0.045878693623639194,0.07853810264385692,0.01166407465007776,0.029548989113530325,ABC,sp|Q9ZR72|AB1B_ARATH
0.08040842373962986,0.012763241863433313,0.035737077217613274,0.059349074664964904,0.058710912571793235,0.07849393746011486,0.0204211869814933,0.06253988513082323,0.04339502233567326,0.08870453095086152,0.02297383535417996,0.03382259093809828,0.053605615826419914,0.04403318442884493,0.054243777919591576,0.07147415443522655,0.0650925335035099,0.05998723675813657,0.015315890236119975,0.0389278876834716,ABC,sp|A0A059J0G5|MDR1_TRIIM
0.08715251690458302,0.008264462809917356,0.04583020285499624,0.06010518407212622,0.049586776859504134,0.08264462809917356,0.012772351615326822,0.07513148009015777,0.051840721262208865,0.10142749812171299,0.018782870022539443,0.027047332832456798,0.02779864763335838,0.0405709992486852,0.051840721262208865,0.09090909090909091,0.061607813673929375,0.07137490608564989,0.006010518407212622,0.029301277235161533,ABC,sp|A0A059JJ46|MDR2_TRIIM
0.11647727272727272,0.009943181818181818,0.049005681818181816,0.05539772727272727,0.044744318181818184,0.07954545454545454,0.019886363636363636,0.08025568181818182,0.05397727272727273,0.09588068181818182,0.019886363636363636,0.03196022727272727,0.03551136363636364,0.037642045454545456,0.048295454545454544,0.07883522727272728,0.049005681818181816,0.06178977272727273,0.004971590909090909,0.026988636363636364,ABC,sp|A0A095C325|MDR1_CRYD2
0.08140350877192983,0.014736842105263158,0.04982456140350877,0.05543859649122807,0.05333333333333334,0.07578947368421053,0.014736842105263158,0.04912280701754386,0.047719298245614036,0.09754385964912281,0.023157894736842106,0.03298245614035088,0.04350877192982456,0.037894736842105266,0.047719298245614036,0.07298245614035087,0.06385964912280702,0.07859649122807018,0.017543859649122806,0.042105263157894736,ABC,sp|A0A1U8QKX8|ATRB_EMENI
0.07882736156351791,0.014332247557003257,0.04755700325732899,0.057980456026058634,0.06319218241042346,0.0762214983713355,0.013680781758957655,0.054071661237785014,0.04820846905537459,0.08338762214983714,0.02214983713355049,0.03908794788273615,0.04104234527687296,0.038436482084690554,0.054071661237785014,0.07100977198697069,0.05993485342019544,0.07882736156351791,0.018241042345276872,0.03973941368078176,ABC,sp|B8NDS8|ATRF_ASPFN
0.07982120051085569,0.012132822477650063,0.0351213282247765,0.05810983397190294,0.05938697318007663,0.07854406130268199,0.020434227330779056,0.06066411238825032,0.04342273307790549,0.08939974457215837,0.02362707535121328,0.0351213282247765,0.05172413793103448,0.04533844189016603,0.05363984674329502,0.06960408684546615,0.06704980842911877,0.06194125159642401,0.01532567049808429,0.03959131545338442,ABC,sp|F2SHL1|MDR1_TRIRC
0.09907120743034056,0.010835913312693499,0.05263157894736842,0.05263157894736842,0.05185758513931889,0.07507739938080496,0.013157894736842105,0.07275541795665634,0.047987616099071206,0.10294117647058823,0.016253869969040248,0.030959752321981424,0.03560371517027864,0.04179566563467492,0.04953560371517028,0.07507739938080496,0.06346749226006192,0.07043343653250773,0.010061919504643963,0.02786377708978328,ABC,sp|F2SQT8|MDR5_TRIRC
0.08715251690458302,0.008264462809917356,0.045078888054094664,0.0608564988730278,0.049586776859504134,0.08189331329827197,0.013523666416228399,0.0743801652892562,0.05033809166040571,0.10293012772351616,0.018782870022539443,0.02779864763335838,0.02779864763335838,0.03906836964688205,0.05334335086401202,0.08865514650638617,0.06235912847483095,0.07287753568745305,0.006010518407212622,0.029301277235161533,ABC,sp|F2T1C4|MDR2_TRIRC
0.11931818181818182,0.009943181818181818,0.049005681818181816,0.05397727272727273,0.046875,0.08025568181818182,0.018465909090909092,0.07528409090909091,0.05397727272727273,0.09517045454545454,0.018465909090909092,0.029829545454545456,0.03480113636363636,0.037642045454545456,0.05113636363636364,0.07883522727272728,0.048295454545454544,0.06676136363636363,0.004971590909090909,0.026988636363636364,ABC,sp|J9VF33|MDR1_CRYNH
0.09073233959818536,0.012313674659753726,0.04277381723914452,0.06416072585871678,0.06351263771872975,0.07517822423849643,0.016202203499675955,0.05119896305897602,0.04342190537913156,0.10045366169799093,0.02462734931950745,0.034348671419313026,0.04342190537913156,0.04342190537913156,0.057679844458846406,0.0661049902786779,0.05443940375891121,0.06416072585871678,0.011665586519766688,0.04018146467919637,ABC,sp|J9VME1|AFR1_CRYNH
0.09090909090909091,0.012426422498364944,0.03793328973185088,0.05624591236102027,0.058207979071288427,0.08109875735775017,0.01831262262916939,0.05689993459777633,0.04447351209941138,0.09221713538260301,0.027468933943754086,0.033355134074558535,0.03924133420536298,0.04381948986265533,0.052321778940483975,0.07913669064748201,0.060170045781556575,0.060170045781556575,0.015696533682145193,0.03989535644211903,ABC,sp|J9VPA2|AFR2_CRYNH
0.07480314960629922,0.027559055118110236,0.031496062992125984,0.03543307086614173,0.07086614173228346,0.10236220472440945,0.005905511811023622,0.0610236220472441,0.04921259842519685,0.12992125984251968,0.017716535433070866,0.031496062992125984,0.051181102362204724,0.023622047244094488,0.023622047244094488,0.06496062992125984,0.05905511811023622,0.07086614173228346,0.021653543307086614,0.047244094488188976,MFS,sp|M0RCI4|MOT9_RAT
0.11428571428571428,0.0025974025974025974,0.05194805194805195,0.05714285714285714,0.02077922077922078,0.06753246753246753,0.015584415584415584,0.05974025974025974,0.05454545454545454,0.07272727272727272,0.01038961038961039,0.03636363636363636,0.04935064935064935,0.07012987012987013,0.04415584415584416,0.06493506493506493,0.08311688311688312,0.09610389610389611,0.0025974025974025974,0.025974025974025976,RND,sp|P24180|ACRE_ECOLI
0.0987012987012987,0.005194805194805195,0.05194805194805195,0.05194805194805195,0.015584415584415584,0.07012987012987013,0.0025974025974025974,0.05194805194805195,0.046753246753246755,0.09350649350649351,0.012987012987012988,0.05454545454545454,0.04415584415584416,0.07012987012987013,0.05194805194805195,0.08051948051948052,0.07532467532467532,0.0987012987012987,0.0025974025974025974,0.02077922077922078,MFS,sp|P37636|MDTE_ECOLI
0.10288461538461538,0.0019230769230769232,0.04519230769230769,0.03461538461538462,0.03365384615384615,0.05961538461538462,0.004807692307692308,0.07884615384615384,0.02403846153846154,0.12692307692307692,0.032692307692307694,0.03461538461538462,0.052884615384615384,0.06057692307692308,0.04519230769230769,0.07596153846153846,0.07211538461538461,0.0875,0.007692307692307693,0.01826923076923077,MFS,sp|P76398|MDTB_ECOLI
0.07671781187458306,0.01467645096731154,0.04469646430953969,0.058038692461641096,0.06070713809206137,0.06470980653769179,0.01734489659773182,0.058038692461641096,0.052701801200800535,0.09072715143428953,0.024683122081387593,0.0466977985323549,0.040693795863909275,0.035356904603068715,0.046030687124749836,0.07605070046697798,0.06604402935290193,0.06204136090727151,0.016010673782521682,0.04803202134756504,ABC,sp|P78595|CDR2_CANAL
0.08306082406801832,0.012426422498364944,0.03924133420536298,0.058862001308044476,0.060170045781556575,0.08109875735775017,0.01765860039241334,0.05755395683453238,0.04708960104643558,0.09025506867233486,0.028122956180510136,0.03466317854807063,0.03858731196860693,0.041857423152387184,0.04970568999345978,0.07586657946370176,0.061478090255068674,0.06605624591236102,0.015696533682145193,0.040549378678875085,ABC,sp|P9WEU3|AFR2_CRYD2
0.08560311284046693,0.01232166018158236,0.04345006485084306,0.0622568093385214,0.0622568093385214,0.07392996108949416,0.01556420233463035,0.054474708171206226,0.04539559014267185,0.09857328145265888,0.02529182879377432,0.03372243839169909,0.04345006485084306,0.04669260700389105,0.05642023346303502,0.06744487678339818,0.055771725032425425,0.062905317769131,0.011673151750972763,0.042801556420233464,ABC,sp|P9WEU4|AFR1_CRYD2
0.08238636363636363,0.019176136363636364,0.05184659090909091,0.052556818181818184,0.04971590909090909,0.07173295454545454,0.01775568181818182,0.06818181818181818,0.044744318181818184,0.09517045454545454,0.028409090909090908,0.04190340909090909,0.05752840909090909,0.033380681818181816,0.046875,0.07883522727272728,0.052556818181818184,0.05823863636363636,0.015625,0.033380681818181816,MFS,sp|Q09614|PTC1_CAEEL
0.07889413351314903,0.012811867835468645,0.03910991233985165,0.05799055967633176,0.057316250842886045,0.06203641267700607,0.020229265003371546,0.057316250842886045,0.041132838840188805,0.08631153068105192,0.03438975050573163,0.033715441672285906,0.04315576534052596,0.052596089008766014,0.05057316250842886,0.09035738368172623,0.05394470667565745,0.07147673634524612,0.016857720836142953,0.03978422117329737,ABC,sp|Q2TXA7|ATRA_ASPOR
0.0856760374832664,0.014056224899598393,0.040160642570281124,0.06157965194109773,0.05823293172690763,0.06961178045515395,0.01673360107095047,0.049531459170013385,0.039491298527443104,0.0963855421686747,0.0321285140562249,0.038821954484605084,0.038821954484605084,0.038821954484605084,0.05756358768406961,0.07630522088353414,0.06693440428380187,0.06358768406961178,0.014725568942436412,0.040829986613119144,ABC,sp|Q2U0M6|ATRG_ASPOR
0.08102633355840648,0.014179608372721135,0.04591492234976367,0.053342336259284265,0.05806887238352464,0.0675219446320054,0.018906144496961513,0.05739365293720459,0.04321404456448346,0.09925725860904794,0.0337609723160027,0.03241053342336259,0.048615800135043886,0.04051316677920324,0.0587440918298447,0.07089804186360567,0.05941931127616475,0.06279540850776502,0.018906144496961513,0.035111411208642807,ABC,sp|Q2UD41|ATRH_ASPOR
0.08837525492861999,0.01495581237253569,0.04146838885112169,0.05302515295717199,0.05982324949014276,0.07138001359619306,0.021753908905506457,0.04418762746430999,0.029231815091774305,0.09585316111488783,0.023113528212100613,0.030591434398368457,0.04758667573079538,0.04418762746430999,0.06526172671651938,0.08225696804894629,0.05642420122365738,0.07138001359619306,0.017675050985723997,0.04146838885112169,ABC,sp|Q4WDV4|ABCF_ASPFU
0.08426966292134831,0.016151685393258428,0.05337078651685393,0.04985955056179775,0.05898876404494382,0.06952247191011236,0.019662921348314606,0.05547752808988764,0.042837078651685394,0.09550561797752809,0.023174157303370788,0.03441011235955056,0.042134831460674156,0.033707865168539325,0.051264044943820225,0.07092696629213484,0.0625,0.07514044943820225,0.018258426966292134,0.042837078651685394,ABC,sp|Q4WFQ4|ABCH_ASPFU
0.10150375939849623,0.016541353383458645,0.04586466165413534,0.04586466165413534,0.045112781954887216,0.07518796992481203,0.02330827067669173,0.06766917293233082,0.03609022556390978,0.10225563909774436,0.012030075187969926,0.029323308270676692,0.03308270676691729,0.03984962406015038,0.062406015037593986,0.08421052631578947,0.06390977443609022,0.08045112781954887,0.007518796992481203,0.027819548872180452,ABC,sp|Q4WSI1|MDR4_ASPFU
0.09266123054114159,0.007412898443291327,0.04670126019273536,0.060044477390659746,0.05263157894736842,0.08154188287620459,0.021497405485544848,0.06449221645663454,0.05782060785767235,0.10007412898443291,0.021497405485544848,0.026686434395848776,0.025203854707190512,0.039288361749444035,0.0452186805040771,0.08228317272053373,0.06226834692364715,0.07412898443291327,0.007412898443291327,0.031134173461823574,ABC,sp|Q4WTT9|MDR1_ASPFU
0.0734006734006734,0.015488215488215488,0.046464646464646465,0.06060606060606061,0.06936026936026936,0.07138047138047138,0.011447811447811448,0.06531986531986532,0.03838383838383838,0.0936026936026936,0.022895622895622896,0.03232323232323232,0.04242424242424243,0.041750841750841754,0.06531986531986532,0.07474747474747474,0.06397306397306397,0.061952861952861954,0.014141414141414142,0.035016835016835016,ABC,sp|Q4WUS1|ABCI_ASPFU
0.09510869565217392,0.010869565217391304,0.033967391304347824,0.059782608695652176,0.06385869565217392,0.06589673913043478,0.020380434782608696,0.05570652173913043,0.044157608695652176,0.08491847826086957,0.029211956521739132,0.035326086956521736,0.043478260869565216,0.042119565217391304,0.05298913043478261,0.07269021739130435,0.06182065217391304,0.07404891304347826,0.014945652173913044,0.03872282608695652,ABC,sp|Q4WWW3|ATRI_ASPFU
0.0960536113179449,0.007446016381236039,0.04690990320178704,0.06403574087862993,0.045420699925539834,0.07446016381236038,0.017870439314966492,0.07073715562174236,0.05212211466865227,0.10052122114668652,0.01712583767684289,0.029039463886820552,0.03127326880119136,0.035740878629932984,0.04616530156366344,0.08116157855547282,0.07222635889798958,0.06999255398361877,0.008190618019359643,0.03350707371556218,ABC,sp|Q5BAY0|ATRD_EMENI
0.08333333333333333,0.016129032258064516,0.02956989247311828,0.043010752688172046,0.06720430107526881,0.07526881720430108,0.024193548387096774,0.06989247311827956,0.024193548387096774,0.15053763440860216,0.03225806451612903,0.026881720430107527,0.04032258064516129,0.043010752688172046,0.0456989247311828,0.07526881720430108,0.053763440860215055,0.06451612903225806,0.016129032258064516,0.01881720430107527,MFS,sp|Q5RKH7|S35F6_RAT
0.1,0.005405405405405406,0.021621621621621623,0.021621621621621623,0.062162162162162166,0.08378378378378379,0.002702702702702703,0.08648648648648649,0.032432432432432434,0.14054054054054055,0.03783783783783784,0.021621621621621623,0.05675675675675676,0.032432432432432434,0.02972972972972973,0.08378378378378379,0.04864864864864865,0.08108108108108109,0.02702702702702703,0.024324324324324326,RND,sp|Q8NQC8|ACR3_CORGL
0.1162227602905569,0.007263922518159807,0.01937046004842615,0.014527845036319613,0.06779661016949153,0.07021791767554479,0.014527845036319613,0.07263922518159806,0.014527845036319613,0.14285714285714285,0.03631961259079903,0.021791767554479417,0.048426150121065374,0.03631961259079903,0.048426150121065374,0.05811138014527845,0.06537530266343826,0.1089588377723971,0.021791767554479417,0.014527845036319613,MFS,sp|Q8XFG0|MDTM_SALTI
0.10493827160493827,0.024691358024691357,0.009259259259259259,0.015432098765432098,0.040123456790123455,0.09567901234567901,0.015432098765432098,0.030864197530864196,0.015432098765432098,0.20679012345679013,0.030864197530864196,0.030864197530864196,0.06172839506172839,0.040123456790123455,0.040123456790123455,0.07407407407407407,0.046296296296296294,0.06172839506172839,0.015432098765432098,0.040123456790123455,MFS,sp|Q91ZR7|S35A4_RAT
0.06480446927374302,0.012290502793296089,0.03798882681564246,0.061452513966480445,0.06927374301675977,0.05027932960893855,0.02569832402234637,0.07374301675977654,0.05251396648044693,0.09608938547486033,0.034636871508379886,0.03128491620111732,0.04581005586592179,0.030167597765363128,0.03798882681564246,0.07150837988826815,0.05921787709497207,0.08826815642458101,0.02011173184357542,0.03687150837988827,MFS,sp|Q9XWL9|PTR18_CAEEL
0.0956973293768546,0.00741839762611276,0.04673590504451038,0.06379821958456973,0.04599406528189911,0.07492581602373888,0.017804154302670624,0.0712166172106825,0.05192878338278932,0.1016320474777448,0.017062314540059347,0.028931750741839762,0.030415430267062313,0.03560830860534125,0.04599406528189911,0.08160237388724036,0.07195845697329377,0.06973293768545995,0.008160237388724036,0.03338278931750742,ABC,sp|Q9Y8G1|ATRD_EMEND
0.10007251631617115,0.007976794778825236,0.04133430021754895,0.050761421319796954,0.04060913705583756,0.06961566352429296,0.022480058013052938,0.07179115300942712,0.04423495286439449,0.10514865844815083,0.022480058013052938,0.032632342277012324,0.03843364757070341,0.04060913705583756,0.047860768672951415,0.09064539521392313,0.0674401740391588,0.07469180565627266,0.007976794778825236,0.023205221174764323,ABC,sp|A0A059JK44|MDR4_TRIIM
0.10903426791277258,0.012461059190031152,0.042834890965732085,0.05841121495327103,0.04205607476635514,0.08255451713395638,0.01791277258566978,0.07476635514018691,0.03660436137071651,0.10202492211838006,0.01791277258566978,0.031931464174454825,0.030373831775700934,0.0397196261682243,0.050623052959501556,0.06931464174454828,0.06074766355140187,0.07710280373831775,0.010124610591900311,0.03348909657320872,ABC,sp|A0A1U8QG99|ATRC_EMENI
0.09140518417462483,0.013642564802182811,0.042974079126875855,0.05593451568894952,0.05798090040927694,0.0688949522510232,0.017735334242837655,0.048431105047748974,0.03615279672578445,0.08799454297407913,0.032060027285129605,0.03274215552523874,0.049795361527967257,0.03819918144611187,0.05184174624829468,0.0791268758526603,0.06412005457025921,0.07571623465211459,0.015006821282401092,0.04024556616643929,ABC,sp|A0A1U8QT10|ATRA_EMENI
0.0896358543417367,0.008403361344537815,0.01680672268907563,0.0392156862745098,0.07282913165266107,0.058823529411764705,0.014005602240896359,0.10364145658263306,0.04201680672268908,0.12324929971988796,0.022408963585434174,0.04201680672268908,0.05042016806722689,0.0196078431372549,0.01680672268907563,0.0392156862745098,0.06442577030812324,0.12324929971988796,0.022408963585434174,0.03081232492997199,RND,sp|A6TP80|ACR3_ALKMQ
0.08040842373962986,0.012763241863433313,0.037013401403956606,0.058710912571793235,0.058710912571793235,0.07849393746011486,0.019783024888321635,0.06190172303765156,0.04339502233567326,0.08870453095086152,0.022335673261008295,0.03254626675175495,0.053605615826419914,0.04403318442884493,0.054243777919591576,0.07147415443522655,0.06636885768985322,0.06062539885130823,0.015315890236119975,0.03956604977664327,ABC,sp|F2PLH2|MDR1_TRIEC
0.08640120210368145,0.008264462809917356,0.045078888054094664,0.0608564988730278,0.049586776859504134,0.08264462809917356,0.012772351615326822,0.07513148009015777,0.05108940646130729,0.10217881292261458,0.018782870022539443,0.02779864763335838,0.02779864763335838,0.0405709992486852,0.051840721262208865,0.09090909090909091,0.061607813673929375,0.07137490608564989,0.006010518407212622,0.029301277235161533,ABC,sp|F2PRR1|MDR2_TRIEC
0.10007251631617115,0.007976794778825236,0.04133430021754895,0.050761421319796954,0.04060913705583756,0.06961566352429296,0.022480058013052938,0.07179115300942712,0.043509789702683106,0.10514865844815083,0.022480058013052938,0.032632342277012324,0.03915881073241479,0.04060913705583756,0.048585931834662796,0.08992023205221175,0.0674401740391588,0.07469180565627266,0.007976794778825236,0.023205221174764323,ABC,sp|F2Q5G0|MDR4_TRIEC
0.08640120210368145,0.008264462809917356,0.045078888054094664,0.0608564988730278,0.049586776859504134,0.08264462809917356,0.012772351615326822,0.07513148009015777,0.05108940646130729,0.10217881292261458,0.018782870022539443,0.02779864763335838,0.02779864763335838,0.0405709992486852,0.051840721262208865,0.09090909090909091,0.061607813673929375,0.07137490608564989,0.006010518407212622,0.029301277235161533,ABC,sp|F2RP52|MDR2_TRIT1
0.09757887013939838,0.00880410858400587,0.0425531914893617,0.052090975788701394,0.041085840058694055,0.06969919295671313,0.022743947175348497,0.0719002201027146,0.043286867204695524,0.10198092443140132,0.022743947175348497,0.03301540719002201,0.03888481291269259,0.04035216434336023,0.049889948642699924,0.09317681584739546,0.06823184152604549,0.07116654438738078,0.007336757153338224,0.02347762289068232,ABC,sp|F2RPA4|MDR4_TRIT1
